     8.091432453         8.146539502         8.205840000
     9.523500058         8.168188700         7.974720000
     7.317786736         9.198046413         8.849520000
     7.373609461         6.997879579         7.744140000
    10.188184110         6.923628198         7.774380000
     5.933311582         9.295915101         8.500950000
    10.324341462         9.375355133         7.854300000
     7.822338290        10.144348957         9.826920000
    11.754798796         9.275697255         7.871850000
     7.108093678        11.364039719        10.008630000
     8.073182716         5.797512068         7.429050000
     5.958896998         7.052449872         7.588350000
     9.434756238         5.737216368         7.540020000
     5.277752399         8.206835202         7.858890000
    11.615957658         6.861185470         7.774110000
     5.202427504        10.480716660         8.804430000
    12.374753100         7.990522142         7.887510000
     5.806458018        11.523277621         9.451080000
     9.768082318        10.655341595         7.604280000
    12.543294789        10.449763675         7.791390000
     7.677234989        12.424492579        10.778940000
    10.561766963        11.782710158         7.487640000
    11.961450230        11.689851202         7.618860000
     8.873666282        12.272590356        11.418570000
     9.517774650        10.999223896        11.442600000
     8.964020373         9.907996970        10.695240000
    10.652657810        10.786489216        12.263400000
     9.501850860         8.618885639        10.937970000
    11.194066677         9.526004924        12.420000000
    10.585384270         8.429768265        11.777400000
     7.493664104         4.920987931         7.130700000
     5.443252466         6.173063031         7.194690000
     9.971155373         4.799323017         7.376400000
     4.210500617         8.294863346         7.642080000
    12.086693524         5.878920209         7.683390000
     4.161834652        10.547274525         8.478810000
    13.465443269         7.932552389         7.917480000
     5.276499966        12.464391514         9.617400000
     8.692063506        10.751421094         7.470090000
    13.630585498        10.347600931         7.836750000
     7.127416929        13.367037824        10.839690000
    10.096398667        12.748514872         7.282710000
    12.580509939        12.586056428         7.547580000
    11.072580683        11.641721993        12.798810000
     9.033440941         7.750770694        10.477350000
    12.062002703         9.373208105        13.063680000
    10.962724422         7.419591641        11.948850000
     9.317922137        13.097764743        11.980710000
