     0.000000000         0.000000000         4.173930000
     0.000000000        10.223967908         4.173930000
     0.000000000        12.780004614         4.173930000
     0.000000000        15.335862402         4.173930000
     0.000000000         2.556036707         4.173930000
     0.000000000         5.111894494         4.173930000
     0.000000000         7.667931201         4.173930000
    10.223967908         0.000000000         4.173930000
    10.223967908        10.223967908         4.173930000
    10.223967908        12.780004614         4.173930000
    10.223967908        15.335862402         4.173930000
    10.223967908         2.556036707         4.173930000
    10.223967908         5.111894494         4.173930000
    10.223967908         7.667931201         4.173930000
    12.780004614         0.000000000         4.173930000
    12.780004614        10.223967908         4.173930000
    12.780004614        12.780004614         4.173930000
    12.780004614        15.335862402         4.173930000
    12.780004614         2.556036707         4.173930000
    12.780004614         5.111894494         4.173930000
    12.780004614         7.667931201         4.173930000
    15.335862402         0.000000000         4.173930000
    15.335862402        10.223967908         4.173930000
    15.335862402        12.780004614         4.173930000
    15.335862402        15.335862402         4.173930000
    15.335862402         2.556036707         4.173930000
    15.335862402         5.111894494         4.173930000
    15.335862402         7.667931201         4.173930000
     2.556036707         0.000000000         4.173930000
     2.556036707        10.223967908         4.173930000
     2.556036707        12.780004614         4.173930000
     2.556036707        15.335862402         4.173930000
     2.556036707         2.556036707         4.173930000
     2.556036707         5.111894494         4.173930000
     2.556036707         7.667931201         4.173930000
     5.111894494         0.000000000         4.173930000
     5.111894494        10.223967908         4.173930000
     5.111894494        12.780004614         4.173930000
     5.111894494        15.335862402         4.173930000
     5.111894494         2.556036707         4.173930000
     5.111894494         5.111894494         4.173930000
     5.111894494         7.667931201         4.173930000
     7.667931201         0.000000000         4.173930000
     7.667931201        10.223967908         4.173930000
     7.667931201        12.780004614         4.173930000
     7.667931201        15.335862402         4.173930000
     7.667931201         2.556036707         4.173930000
     7.667931201         5.111894494         4.173930000
     7.667931201         7.667931201         4.173930000
    11.699691746         0.000000000         2.086830000
    11.699691746        10.223967908         2.086830000
    11.699691746        12.780004614         2.086830000
    11.699691746        15.335862402         2.086830000
    11.699691746         2.556036707         2.086830000
    11.699691746         5.111894494         2.086830000
    11.699691746         7.667931201         2.086830000
    14.255549534         0.000000000         2.086830000
    14.255549534        10.223967908         2.086830000
    14.255549534        12.780004614         2.086830000
    14.255549534        15.335862402         2.086830000
    14.255549534         2.556036707         2.086830000
    14.255549534         5.111894494         2.086830000
    14.255549534         7.667931201         2.086830000
     1.475723839         0.000000000         2.086830000
     1.475723839        10.223967908         2.086830000
     1.475723839        12.780004614         2.086830000
     1.475723839        15.335862402         2.086830000
     1.475723839         2.556036707         2.086830000
     1.475723839         5.111894494         2.086830000
     1.475723839         7.667931201         2.086830000
    16.811586241         0.000000000         2.086830000
    16.811586241        10.223967908         2.086830000
    16.811586241        12.780004614         2.086830000
    16.811586241        15.335862402         2.086830000
    16.811586241         2.556036707         2.086830000
    16.811586241         5.111894494         2.086830000
    16.811586241         7.667931201         2.086830000
     4.031760545         0.000000000         2.086830000
     4.031760545        10.223967908         2.086830000
     4.031760545        12.780004614         2.086830000
     4.031760545        15.335862402         2.086830000
     4.031760545         2.556036707         2.086830000
     4.031760545         5.111894494         2.086830000
     4.031760545         7.667931201         2.086830000
     6.587618333         0.000000000         2.086830000
     6.587618333        10.223967908         2.086830000
     6.587618333        12.780004614         2.086830000
     6.587618333        15.335862402         2.086830000
     6.587618333         2.556036707         2.086830000
     6.587618333         5.111894494         2.086830000
     6.587618333         7.667931201         2.086830000
     9.143655040         0.000000000         2.086830000
     9.143655040        10.223967908         2.086830000
     9.143655040        12.780004614         2.086830000
     9.143655040        15.335862402         2.086830000
     9.143655040         2.556036707         2.086830000
     9.143655040         5.111894494         2.086830000
     9.143655040         7.667931201         2.086830000
     0.737861919        11.501986261         0.000000000
     0.737861919         1.278018353         0.000000000
     0.737861919        14.057844049         0.000000000
     0.737861919        16.613880756         0.000000000
     0.737861919         3.834055060         0.000000000
     0.737861919         6.389912848         0.000000000
     0.737861919         8.945949554         0.000000000
    10.961829827        11.501986261         0.000000000
    10.961829827         1.278018353         0.000000000
    10.961829827        14.057844049         0.000000000
    10.961829827        16.613880756         0.000000000
    10.961829827         3.834055060         0.000000000
    10.961829827         6.389912848         0.000000000
    10.961829827         8.945949554         0.000000000
    13.517866534        11.501986261         0.000000000
    13.517866534         1.278018353         0.000000000
    13.517866534        14.057844049         0.000000000
    13.517866534        16.613880756         0.000000000
    13.517866534         3.834055060         0.000000000
    13.517866534         6.389912848         0.000000000
    13.517866534         8.945949554         0.000000000
    16.073724321        11.501986261         0.000000000
    16.073724321         1.278018353         0.000000000
    16.073724321        14.057844049         0.000000000
    16.073724321        16.613880756         0.000000000
    16.073724321         3.834055060         0.000000000
    16.073724321         6.389912848         0.000000000
    16.073724321         8.945949554         0.000000000
     3.293898626        11.501986261         0.000000000
     3.293898626         1.278018353         0.000000000
     3.293898626        14.057844049         0.000000000
     3.293898626        16.613880756         0.000000000
     3.293898626         3.834055060         0.000000000
     3.293898626         6.389912848         0.000000000
     3.293898626         8.945949554         0.000000000
     5.849756414        11.501986261         0.000000000
     5.849756414         1.278018353         0.000000000
     5.849756414        14.057844049         0.000000000
     5.849756414        16.613880756         0.000000000
     5.849756414         3.834055060         0.000000000
     5.849756414         6.389912848         0.000000000
     5.849756414         8.945949554         0.000000000
     8.405793120        11.501986261         0.000000000
     8.405793120         1.278018353         0.000000000
     8.405793120        14.057844049         0.000000000
     8.405793120        16.613880756         0.000000000
     8.405793120         3.834055060         0.000000000
     8.405793120         6.389912848         0.000000000
     8.405793120         8.945949554         0.000000000
